0	310	-1.0
0	339	-1.0
0	536	-1.0
0	565	1.0
0	884	-1.0
1	407	1.0
1	685	1.0
2	357	1.0
2	573	-1.0
3	19	1.0
4	350	1.0
4	471	-1.0
5	440	-1.0
5	764	1.0
6	508	-1.0
6	695	-1.0
6	918	1.0
7	231	-1.0
7	621	1.0
8	566	1.0
9	99	-1.0
9	121	1.0
9	141	1.0
9	145	1.0
9	168	1.0
9	761	1.0
10	569	1.0
10	689	-1.0
11	184	-0.0254
11	425	1.0
11	538	1.0
11	783	-1.0
11	807	-1.0
12	32	-1.0
13	155	1.0
14	155	-1.0
14	509	1.0
15	705	-1.0
16	360	1.0
16	395	1.0
16	397	-1.0
17	476	1.0
17	608	-1.0
18	555	1.0
18	558	1.0
19	362	1.0
19	927	-1.0
20	469	1.0
20	517	-1.0
21	161	-1.0
21	165	-1.0
21	929	1.0
22	39	-1.0
22	705	1.0
23	88	1.0
23	336	-1.0
24	13	1.0
24	278	-1.0
24	379	-1.0
24	453	1.0
24	486	1.0
24	503	1.0
24	515	-1.0
24	518	-1.0
24	600	1.0
24	610	1.0
24	834	1.0
24	835	1.0
24	872	1.0
25	756	-1.0
25	856	1.0
26	600	-1.0
26	834	-1.0
26	835	-1.0
27	501	-1.0
28	501	1.0
28	753	-1.0
29	210	-1.0
29	533	1.0
30	624	-1.0
30	830	1.0
31	212	1.0
31	628	-1.0
32	374	-1.0
32	613	1.0
33	50	1.0
33	438	1.0
33	599	-0.1
34	207	-1.0
34	226	1.0
34	306	1.0
34	372	1.0
34	611	1.0
34	625	1.0
34	628	1.0
34	685	-1.0
34	701	1.0
34	703	1.0
34	753	1.0
34	789	1.0
34	841	1.0
35	841	-1.0
36	266	-1.0
36	836	-1.0
37	159	-1.0
37	296	-1.0
37	468	1.0
37	689	1.0
37	726	1.0
38	87	-1.0
38	184	-0.25
38	238	1.0
38	257	-1.0
38	271	-1.0
38	339	-1.0
38	357	-1.0
38	551	1.0
38	585	-1.0
38	692	-1.0
38	757	-1.0
38	765	-1.0
38	803	-1.0
38	823	-1.0
38	899	-1.0
39	604	1.0
39	839	-1.0
40	238	-1.0
41	173	-1.0
41	529	1.0
42	32	1.0
42	473	-1.0
43	3	-1.0
43	5	-1.0
43	10	-1.0
43	39	-1.0
43	46	1.0
43	47	1.0
43	57	1.0
43	60	-1.0
43	79	1.0
43	97	-1.0
43	107	-1.0
43	129	1.0
43	130	1.0
43	165	1.0
43	173	-2.0
43	183	-1.0
43	184	-0.00215
43	251	-1.0
43	258	2.0
43	286	-1.0
43	287	-8.0
43	288	-7.0
43	289	-6.0
43	291	-1.0
43	293	-1.0
43	302	-1.0
43	307	-1.0
43	324	1.0
43	328	-1.0
43	337	-1.0
43	356	1.0
43	366	1.0
43	401	-1.0
43	437	-1.0
43	441	-1.0
43	443	-2.0
43	448	-1.0
43	473	-1.0
43	491	-1.0
43	494	-1.0
43	500	1.0
43	508	-1.0
43	511	-1.0
43	514	-1.0
43	520	1.0
43	574	-1.0
43	595	-1.0
43	607	-1.0
43	634	-1.0
43	644	1.0
43	667	-1.0
43	675	-1.0
43	682	-1.0
43	691	1.0
43	694	-1.0
43	701	-1.0
43	705	1.0
43	722	-1.0
43	748	-1.0
43	766	3.0
43	785	1.0
43	786	1.0
43	787	1.0
43	791	-2.0
43	792	1.0
43	793	1.0
43	796	1.0
43	798	1.0
43	824	1.0
43	833	-1.0
43	860	-1.0
43	865	-1.0
43	868	1.0
43	873	1.0
43	882	1.0
43	889	1.0
43	898	1.0
44	384	-1.0
45	224	-1.0
45	510	1.0
46	7	-1.0
46	74	-1.0
46	87	1.0
46	107	1.0
46	112	-1.0
46	125	1.0
46	184	-0.25
46	190	1.0
46	225	1.0
46	232	1.0
46	237	-1.0
46	255	1.0
46	257	1.0
46	259	1.0
46	261	-1.0
46	271	1.0
46	284	-1.0
46	339	1.0
46	343	1.0
46	357	1.0
46	359	1.0
46	392	1.0
46	395	-1.0
46	444	1.0
46	513	1.0
46	540	1.0
46	551	-1.0
46	554	1.0
46	570	-1.0
46	579	1.0
46	585	1.0
46	587	1.0
46	615	-1.0
46	688	-1.0
46	692	2.0
46	752	1.0
46	757	1.0
46	765	1.0
46	778	1.0
46	803	1.0
46	823	1.0
46	856	-1.0
46	899	1.0
46	903	1.0
46	904	-1.0
46	918	-1.0
47	149	-1.0
48	225	-1.0
48	343	-1.0
48	444	-1.0
48	778	-1.0
49	554	-1.0
49	682	1.0
50	45	-1.0
50	77	-1.0
50	273	-1.0
50	645	1.0
50	658	1.0
50	826	1.0
51	303	1.0
51	879	-1.0
52	394	1.0
52	713	-1.0
53	715	-1.0
53	925	1.0
54	88	-1.0
54	101	-1.0
54	441	-1.0
54	504	1.0
55	38	-1.0
55	276	-1.0
56	804	-1.0
57	38	1.0
57	276	1.0
57	684	-1.0
57	735	1.0
57	799	-1.0
58	236	-1.0
58	804	1.0
59	675	-1.0
59	772	-1.0
60	135	1.0
60	212	-1.0
60	265	-1.0
60	529	-1.0
60	809	-1.0
60	897	-1.0
61	356	1.0
61	730	1.0
61	771	-1.0
62	92	1.0
62	138	-1.0
62	195	1.0
62	318	1.0
62	353	1.0
62	372	1.0
62	382	1.0
62	389	-1.0
62	417	1.0
62	422	1.0
62	552	1.0
62	601	1.0
62	671	1.0
62	782	1.0
62	785	1.0
62	787	1.0
62	875	-1.0
62	896	1.0
63	210	-1.0
63	639	-1.0
63	649	1.0
64	180	1.0
64	214	-1.0
65	649	-1.0
66	76	1.0
66	103	-1.0
67	15	1.0
67	96	1.0
67	100	1.0
67	101	1.0
67	196	1.0
67	224	1.0
67	242	-1.0
67	307	-1.0
67	412	1.0
67	418	1.0
67	431	1.0
67	504	-1.0
67	588	1.0
67	831	1.0
68	128	-1.0
68	357	1.0
68	503	1.0
69	50	-1.0
69	162	0.05
69	164	0.05
69	171	0.05
69	399	0.05
69	400	0.05
69	402	0.05
70	885	-1.0
71	885	1.0
72	4	-0.02
72	305	0.02
72	333	-0.02
72	572	-0.02
73	29	-1.0
73	424	1.0
73	700	1.0
74	175	1.0
74	660	-1.0
75	690	-1.0
75	691	-1.0
75	929	-1.0
76	26	-1.0
76	248	1.0
77	135	-1.0
77	802	1.0
78	144	-1.0
78	162	1.0
78	170	1.0
79	20	1.0
79	128	-1.0
79	388	-1.0
79	745	-1.0
80	285	-1.0
80	847	1.0
81	256	-1.0
81	505	1.0
81	855	-1.0
82	505	-1.0
83	151	1.0
83	252	-1.0
83	527	1.0
84	218	1.0
84	661	-1.0
84	710	1.0
85	931	1.0
86	710	-1.0
87	483	-1.0
87	634	1.0
88	771	1.0
88	843	-1.0
89	460	-1.0
89	740	-1.0
90	266	1.0
90	420	1.0
90	422	1.0
91	358	-1.0
92	164	-0.02
92	167	-0.02
92	402	0.02
93	246	-1.0
93	358	1.0
94	449	1.0
94	450	1.0
95	147	-1.0
96	244	1.0
96	329	1.0
97	409	-1.0
97	525	1.0
97	739	1.0
98	58	1.0
98	386	-1.0
99	281	-1.0
99	901	1.0
100	744	-1.0
101	522	-1.0
101	523	-1.0
102	45	1.0
102	97	1.0
102	184	-3.0E-6
102	197	1.0
102	403	-1.0
102	458	-1.0
102	734	-1.0
102	845	-1.0
103	90	-1.0
103	92	-1.0
103	278	1.0
103	522	1.0
103	523	1.0
103	746	1.0
103	860	-1.0
103	862	-1.0
103	865	-1.0
104	168	-1.0
104	205	-1.0
104	577	1.0
104	617	1.0
104	731	1.0
105	480	-1.0
106	395	-1.0
106	643	1.0
107	36	1.0
107	638	-1.0
108	336	1.0
108	346	-1.0
109	577	-1.0
109	617	-1.0
110	216	1.0
110	286	1.0
110	287	8.0
110	288	7.0
110	289	6.0
110	552	-1.0
110	838	1.0
110	872	1.0
111	192	-1.0
111	724	1.0
112	732	-1.0
112	810	1.0
112	930	-1.0
113	137	1.0
113	537	-1.0
113	930	1.0
114	157	-1.0
114	614	1.0
114	927	1.0
115	229	1.0
116	13	1.0
116	40	1.0
116	747	-1.0
117	8	1.0
117	184	-0.131
117	259	-1.0
117	527	-1.0
118	574	-1.0
118	718	1.0
119	741	1.0
119	826	-1.0
120	120	1.0
120	141	1.0
120	493	-1.0
120	646	1.0
120	704	1.0
120	800	-1.0
121	646	-1.0
121	704	-1.0
122	39	1.0
122	116	-1.0
122	796	1.0
123	571	-1.0
124	140	-1.0
124	228	-1.0
124	850	1.0
125	2	-1.0
125	669	1.0
126	49	-1.0
126	162	0.02
126	164	0.02
126	171	0.02
126	289	-1.0
126	399	0.02
126	400	0.02
126	402	0.02
126	571	1.0
127	8	-1.0
128	5	-1.0
128	227	1.0
128	520	-1.0
128	694	-1.0
128	794	1.0
129	286	-1.0
129	625	1.0
130	656	-1.0
131	156	1.0
131	394	-1.0
132	177	1.0
132	453	-1.0
133	18	-1.0
134	322	-1.0
134	819	1.0
135	18	1.0
135	796	-1.0
136	47	1.0
136	667	-1.0
137	699	-1.0
138	277	-1.0
138	421	1.0
139	175	-1.0
139	176	1.0
140	674	-1.0
140	812	1.0
141	74	1.0
141	76	-1.0
142	152	1.0
142	217	1.0
142	801	1.0
142	931	1.0
143	812	-1.0
144	87	-1.0
144	148	-1.0
144	206	-1.0
144	266	1.0
144	304	-1.0
144	493	-1.0
144	548	-1.0
144	626	-1.0
144	689	-1.0
144	726	-1.0
144	846	1.0
144	867	-1.0
145	21	-1.0
145	360	-1.0
145	448	1.0
145	563	-1.0
145	580	1.0
145	882	-1.0
146	573	1.0
146	856	-1.0
147	285	1.0
147	434	-1.0
148	275	-1.0
149	48	1.0
149	121	1.0
149	123	1.0
149	202	-1.0
149	206	-1.0
149	517	1.0
149	560	1.0
149	655	1.0
150	185	-1.0
151	655	-1.0
152	211	-1.0
152	664	1.0
152	900	-1.0
153	27	-1.0
153	44	-1.0
153	49	1.0
153	599	-0.04
153	777	1.0
154	594	-1.0
155	639	1.0
155	649	-1.0
156	203	-1.0
156	570	1.0
157	141	-1.0
157	558	1.0
157	594	1.0
157	729	1.0
158	433	-1.0
159	649	1.0
160	191	1.0
160	331	-1.0
161	421	-1.0
161	626	1.0
162	191	-1.0
163	223	1.0
163	241	1.0
163	244	1.0
163	316	-1.0
163	414	-1.0
163	450	1.0
163	518	1.0
163	659	1.0
163	666	-1.0
163	792	-1.0
163	793	-1.0
163	837	-1.0
164	27	1.0
165	816	-1.0
166	852	-1.0
167	290	-1.0
167	703	-1.0
167	816	1.0
167	863	1.0
168	832	-1.0
168	852	1.0
169	1	1.0
169	128	1.0
170	60	1.0
170	855	-1.0
171	22	-1.0
171	61	1.0
171	184	-0.241
171	341	-1.0
171	484	1.0
171	578	1.0
171	629	1.0
171	634	-1.0
172	61	-1.0
172	484	-1.0
172	578	-1.0
173	643	-1.0
173	763	1.0
174	70	-1.0
174	166	-1.0
174	177	-1.0
174	184	-0.203
174	335	-1.0
174	430	-1.0
174	545	1.0
174	555	-1.0
174	596	-1.0
174	684	-1.0
174	719	-1.0
174	774	-1.0
174	921	-1.0
175	240	-1.0
175	479	-1.0
176	313	1.0
176	319	-1.0
177	150	-1.0
177	164	1.0
177	167	1.0
178	817	-1.0
179	64	-1.0
179	123	-1.0
179	160	1.0
179	199	-1.0
179	240	1.0
179	479	1.0
179	728	1.0
180	274	-1.0
180	673	1.0
180	901	-1.0
181	15	-1.0
181	99	1.0
182	92	-1.0
182	138	1.0
182	195	-1.0
182	318	-1.0
182	353	-1.0
182	372	-1.0
182	382	-1.0
182	389	1.0
182	417	-1.0
182	422	-1.0
182	552	-1.0
182	601	-1.0
182	671	-1.0
182	782	-1.0
182	785	-1.0
182	787	-1.0
182	875	1.0
183	184	-0.582
183	203	-1.0
183	341	1.0
183	448	-1.0
183	483	1.0
183	580	1.0
183	668	1.0
183	895	-1.0
184	494	1.0
184	598	-1.0
185	122	1.0
185	896	-1.0
186	36	-1.0
186	68	1.0
186	184	-0.087
186	527	-1.0
186	570	-1.0
186	624	-1.0
186	789	1.0
186	879	-1.0
186	892	-1.0
187	68	-1.0
188	668	-1.0
189	94	-1.0
189	817	1.0
190	86	-1.0
190	264	1.0
190	272	-1.0
190	853	-1.0
190	854	1.0
191	109	-1.0
191	725	-1.0
192	295	-1.0
193	15	1.0
193	295	1.0
193	328	-1.0
193	341	1.0
193	698	1.0
193	701	-1.0
193	825	1.0
194	98	1.0
194	208	-1.0
194	222	2.0
194	436	2.0
194	487	2.0
194	775	-1.0
195	349	-1.0
195	393	1.0
195	442	-1.0
195	516	1.0
195	891	1.0
196	283	-1.0
197	210	1.0
198	120	-1.0
198	283	1.0
198	495	-1.0
198	555	1.0
198	727	1.0
199	35	1.0
199	526	-1.0
200	59	-1.0
200	195	1.0
201	6	1.0
201	9	1.0
201	16	1.0
201	68	1.0
201	81	1.0
201	83	1.0
201	88	1.0
201	98	-1.0
201	104	1.0
201	109	1.0
201	110	1.0
201	113	1.0
201	117	1.0
201	120	-1.0
201	121	-1.0
201	123	-1.0
201	124	1.0
201	140	1.0
201	141	-1.0
201	143	-1.0
201	145	-1.0
201	146	-1.0
201	168	-1.0
201	177	1.0
201	180	1.0
201	182	1.0
201	184	45.5628
201	189	1.0
201	192	1.0
201	197	1.0
201	203	1.0
201	208	1.0
201	220	1.0
201	222	-2.0
201	228	1.0
201	238	1.0
201	249	1.0
201	254	1.0
201	257	1.0
201	260	1.0
201	270	1.0
201	273	-1.0
201	274	-1.0
201	298	1.0
201	301	1.0
201	303	1.0
201	307	-1.0
201	310	1.0
201	311	-1.0
201	313	1.0
201	319	1.0
201	320	1.0
201	324	1.0
201	336	1.0
201	339	1.0
201	342	1.0
201	344	1.0
201	349	1.0
201	350	1.0
201	358	1.0
201	361	1.0
201	365	1.0
201	368	1.0
201	369	2.0
201	370	1.0
201	378	1.0
201	390	1.0
201	395	1.0
201	405	1.0
201	407	-1.0
201	432	1.0
201	433	1.0
201	436	-2.0
201	456	1.0
201	467	1.0
201	471	1.0
201	474	1.0
201	476	1.0
201	481	-1.0
201	482	1.0
201	487	-2.0
201	496	-1.0
201	497	-1.0
201	498	1.0
201	499	-1.0
201	502	1.0
201	505	1.0
201	506	1.0
201	508	1.0
201	519	1.0
201	530	1.0
201	551	1.0
201	566	1.0
201	568	1.0
201	569	1.0
201	570	1.0
201	578	1.0
201	584	1.0
201	590	1.0
201	592	1.0
201	597	-1.0
201	613	1.0
201	627	1.0
201	629	1.0
201	642	1.0
201	657	1.0
201	658	1.0
201	663	1.0
201	677	1.0
201	678	1.0
201	680	1.0
201	681	1.0
201	687	1.0
201	695	1.0
201	707	1.0
201	716	1.0
201	719	1.0
201	724	1.0
201	726	1.0
201	727	1.0
201	728	1.0
201	729	1.0
201	731	1.0
201	732	1.0
201	733	1.0
201	735	1.0
201	736	1.0
201	738	1.0
201	755	1.0
201	756	1.0
201	761	-1.0
201	765	1.0
201	775	2.0
201	778	1.0
201	809	1.0
201	813	1.0
201	814	1.0
201	840	1.0
201	866	1.0
201	876	-1.0
201	881	1.0
201	884	1.0
201	885	1.0
201	895	1.0
201	902	1.0
201	911	1.0
201	922	1.0
201	923	1.0
201	924	1.0
202	352	1.0
202	890	-1.0
203	663	-1.0
204	325	-1.0
204	403	-1.0
204	673	-1.0
205	663	1.0
205	931	-1.0
206	59	1.0
206	79	1.0
206	80	1.0
206	198	1.0
206	864	-1.0
207	884	1.0
207	907	-1.0
208	352	-1.0
209	106	-1.0
209	243	1.0
210	6	1.0
210	219	1.0
211	315	-1.0
211	584	-1.0
212	243	-1.0
213	471	1.0
213	784	-1.0
214	131	-1.0
214	718	1.0
215	461	1.0
215	828	-1.0
215	854	-1.0
215	864	1.0
216	415	-1.0
216	744	1.0
217	716	-1.0
217	910	-1.0
218	404	1.0
218	888	-1.0
219	314	1.0
219	317	-1.0
219	363	-1.0
220	124	1.0
220	340	-1.0
221	189	-1.0
222	77	-1.0
222	90	1.0
222	92	1.0
222	188	-1.0
222	232	1.0
222	368	1.0
222	419	1.0
222	703	1.0
222	863	-1.0
222	865	1.0
223	642	-1.0
224	576	-1.0
225	189	1.0
225	496	-1.0
225	499	1.0
225	633	-1.0
225	635	1.0
225	915	1.0
225	916	-1.0
226	100	1.0
226	504	-1.0
226	768	-1.0
227	0	1.0
227	25	1.0
227	66	1.0
227	185	1.0
227	187	1.0
227	190	1.0
227	242	-1.0
227	269	1.0
227	323	1.0
227	337	1.0
227	353	1.0
227	354	1.0
227	372	-1.0
227	376	1.0
227	390	-1.0
227	408	1.0
227	431	1.0
227	439	1.0
227	447	1.0
227	472	1.0
227	475	-1.0
227	490	1.0
227	511	-1.0
227	516	1.0
227	534	1.0
227	576	1.0
227	619	1.0
227	622	1.0
227	638	1.0
227	686	-2.0
227	698	1.0
227	700	1.0
227	713	1.0
227	720	1.0
227	763	1.0
227	764	-1.0
227	776	1.0
227	782	1.0
227	790	1.0
227	803	1.0
227	819	1.0
227	820	1.0
227	829	1.0
227	831	1.0
227	838	1.0
227	857	1.0
227	860	1.0
227	862	1.0
227	891	1.0
227	892	1.0
227	901	-1.0
228	535	-1.0
228	809	1.0
229	290	1.0
229	575	-1.0
229	605	-1.0
230	184	-1.0E-5
230	216	-1.0
230	286	-1.0
230	287	-8.0
230	288	-7.0
230	289	-6.0
230	552	1.0
230	640	1.0
230	838	-1.0
230	872	-1.0
231	914	1.0
232	184	-0.402
232	255	-1.0
232	378	1.0
232	742	1.0
232	829	1.0
233	113	-1.0
234	404	-1.0
234	686	1.0
235	113	1.0
235	180	-1.0
235	184	-0.007
235	214	1.0
235	469	1.0
235	909	-1.0
235	914	-1.0
236	130	1.0
236	133	1.0
236	879	1.0
237	378	-1.0
237	742	-1.0
238	494	-1.0
238	857	1.0
239	293	1.0
239	510	-1.0
240	281	1.0
240	845	-1.0
241	102	1.0
241	184	-0.21
241	216	-1.0
241	773	1.0
241	813	1.0
241	908	1.0
242	773	-1.0
242	813	-1.0
242	908	-1.0
243	66	1.0
243	293	-1.0
244	155	1.0
244	184	-0.326
244	509	-1.0
244	676	1.0
244	849	1.0
244	881	1.0
245	96	-1.0
245	117	-1.0
245	322	1.0
245	477	1.0
246	167	0.02
246	169	0.02
246	170	0.02
247	194	-1.0
248	797	-1.0
248	798	-1.0
248	919	-1.0
249	44	1.0
249	532	-1.0
250	194	1.0
250	419	-1.0
251	100	-1.0
251	218	1.0
251	264	-1.0
251	345	1.0
251	391	1.0
251	560	1.0
251	562	1.0
251	846	-1.0
251	874	1.0
252	478	1.0
253	155	-1.0
253	676	-1.0
253	881	-1.0
254	342	1.0
254	718	-1.0
255	239	-1.0
256	184	-0.281
256	385	-1.0
256	610	1.0
256	716	1.0
256	734	-1.0
256	910	1.0
257	768	1.0
257	788	-1.0
258	146	-1.0
258	239	1.0
258	680	1.0
259	79	-1.0
259	80	-1.0
260	36	-1.0
260	403	1.0
261	350	-1.0
261	456	1.0
262	491	-1.0
262	492	-1.0
263	184	-0.0084
263	532	1.0
264	131	1.0
264	643	-1.0
265	148	1.0
265	211	1.0
265	265	1.0
265	335	1.0
265	582	-1.0
265	738	-1.0
265	784	1.0
265	806	1.0
265	836	1.0
266	122	-1.0
266	712	1.0
267	160	1.0
267	235	1.0
267	581	-1.0
267	638	1.0
268	906	-1.0
269	520	1.0
269	906	1.0
270	440	1.0
270	886	-1.0
271	132	-1.0
271	134	-1.0
271	136	-1.0
271	137	-1.0
271	217	-1.0
271	425	-1.0
271	426	-1.0
271	428	-1.0
271	430	-1.0
271	706	1.0
272	721	1.0
272	789	-1.0
273	187	-1.0
274	63	1.0
274	161	1.0
274	165	1.0
274	215	1.0
274	644	1.0
275	215	-1.0
276	184	-0.0247
276	542	1.0
276	651	-1.0
276	805	-1.0
277	364	1.0
277	665	-1.0
277	666	-1.0
277	671	-1.0
278	330	-1.0
278	902	-1.0
279	330	1.0
279	902	1.0
280	66	-1.0
281	157	1.0
282	84	-1.0
282	319	1.0
283	651	1.0
283	749	-1.0
284	152	1.0
285	820	-1.0
286	401	-1.0
286	648	-1.0
287	204	1.0
287	434	1.0
287	553	1.0
287	657	-1.0
288	35	-1.0
288	294	1.0
289	114	1.0
289	223	-1.0
289	717	-1.0
290	566	-1.0
291	130	-1.0
291	133	-1.0
292	83	-1.0
293	513	1.0
293	886	1.0
294	83	1.0
294	301	-1.0
295	186	-1.0
295	717	1.0
296	335	-1.0
296	451	1.0
296	714	1.0
296	738	1.0
296	799	1.0
296	876	-1.0
297	219	-1.0
297	420	-1.0
297	422	-1.0
298	172	-1.0
298	851	1.0
299	754	-1.0
300	53	-1.0
300	162	0.07
300	164	0.07
300	171	0.07
300	399	0.07
300	400	0.07
300	402	0.07
301	91	1.0
301	700	-1.0
301	857	-1.0
302	325	1.0
302	629	-1.0
303	751	-1.0
304	536	-1.0
304	751	1.0
305	451	-1.0
305	714	-1.0
306	296	1.0
306	613	-1.0
307	323	-1.0
308	69	1.0
309	84	1.0
309	172	-1.0
309	532	-3.0
309	851	-1.0
310	357	-1.0
310	488	1.0
311	174	1.0
311	851	-1.0
312	195	-1.0
312	299	2.0
312	376	-1.0
312	381	-1.0
313	78	1.0
313	100	-1.0
313	101	-1.0
313	272	1.0
313	737	1.0
314	670	-1.0
314	776	1.0
315	111	1.0
315	194	1.0
315	373	-1.0
315	375	-1.0
315	405	-1.0
315	600	1.0
315	816	1.0
316	36	1.0
316	40	1.0
316	45	-1.0
316	111	-1.0
316	152	1.0
316	194	-1.0
316	197	-1.0
316	291	1.0
316	292	1.0
316	351	1.0
316	373	1.0
316	375	1.0
316	379	1.0
316	405	1.0
316	515	1.0
316	518	1.0
316	554	1.0
316	600	-1.0
316	605	1.0
316	713	1.0
316	816	-1.0
316	872	-1.0
317	69	-1.0
318	6	-1.0
318	177	-1.0
318	184	-0.229
318	232	-1.0
318	332	-1.0
318	379	-1.0
318	380	-1.0
318	382	-1.0
318	387	-1.0
318	486	-1.0
318	524	-1.0
318	561	1.0
318	583	-1.0
318	584	-1.0
318	585	-1.0
318	589	1.0
318	591	1.0
318	608	-1.0
318	822	1.0
318	922	1.0
319	151	-1.0
320	212	-1.0
320	664	-1.0
320	859	1.0
321	118	-1.0
321	119	1.0
322	150	1.0
322	398	1.0
322	466	-1.0
322	607	-1.0
322	848	-1.0
322	898	1.0
323	187	1.0
323	306	1.0
323	347	-1.0
323	708	1.0
323	823	1.0
324	466	1.0
325	821	-1.0
326	274	1.0
326	524	1.0
327	287	-1.0
327	821	1.0
328	307	1.0
328	457	1.0
329	94	1.0
329	270	1.0
329	381	1.0
329	586	1.0
329	631	1.0
329	632	1.0
329	633	1.0
329	635	1.0
329	636	1.0
329	702	2.0
329	779	1.0
329	832	1.0
329	878	-1.0
329	913	1.0
329	915	1.0
329	916	1.0
329	917	1.0
330	355	-1.0
330	489	1.0
331	589	-1.0
331	591	-1.0
331	822	-1.0
331	922	-1.0
332	27	-1.0
332	30	1.0
333	756	1.0
333	791	-1.0
334	401	1.0
334	883	-1.0
335	299	-1.0
335	439	-1.0
336	3	1.0
336	5	1.0
336	10	1.0
336	39	1.0
336	46	-1.0
336	47	-1.0
336	57	-1.0
336	60	1.0
336	79	-1.0
336	97	1.0
336	107	1.0
336	130	-1.0
336	165	-1.0
336	173	2.0
336	183	1.0
336	184	-5.0E-5
336	251	1.0
336	258	-2.0
336	286	1.0
336	287	8.0
336	288	7.0
336	289	6.0
336	291	1.0
336	293	1.0
336	307	1.0
336	328	1.0
336	337	1.0
336	356	-1.0
336	366	-1.0
336	401	1.0
336	437	1.0
336	441	1.0
336	443	2.0
336	448	1.0
336	473	1.0
336	491	1.0
336	494	1.0
336	508	1.0
336	511	1.0
336	514	1.0
336	520	-1.0
336	574	1.0
336	595	1.0
336	607	1.0
336	634	1.0
336	644	-1.0
336	667	1.0
336	675	1.0
336	682	1.0
336	691	-1.0
336	694	1.0
336	701	1.0
336	705	-1.0
336	722	1.0
336	766	-3.0
336	785	-1.0
336	786	-1.0
336	787	-1.0
336	791	2.0
336	792	-1.0
336	793	-1.0
336	796	-1.0
336	798	-1.0
336	824	-1.0
336	833	1.0
336	860	1.0
336	865	1.0
336	868	-1.0
336	873	-1.0
336	882	-1.0
336	889	-1.0
336	898	-1.0
337	592	1.0
337	702	-1.0
338	435	-1.0
338	687	1.0
339	462	-1.0
339	550	1.0
340	309	-1.0
340	609	1.0
341	446	-1.0
342	63	-1.0
342	198	-1.0
342	644	-1.0
342	690	1.0
342	691	1.0
343	138	1.0
343	139	1.0
343	309	1.0
343	609	-1.0
343	766	-1.0
344	233	1.0
344	247	1.0
344	736	1.0
344	761	-1.0
344	926	-1.0
345	839	1.0
346	40	-1.0
346	894	1.0
347	90	1.0
347	139	-1.0
347	312	1.0
347	326	-1.0
347	329	-1.0
347	354	1.0
347	380	1.0
347	416	1.0
347	420	1.0
347	449	-1.0
347	515	-1.0
347	603	1.0
347	662	-1.0
347	665	1.0
347	786	1.0
347	824	1.0
348	4	0.02
348	370	-0.02
349	366	1.0
350	73	1.0
350	776	-1.0
351	73	-1.0
352	514	-1.0
352	820	1.0
353	855	1.0
354	456	-1.0
354	903	-1.0
355	35	1.0
355	446	1.0
355	464	1.0
356	567	-1.0
357	132	1.0
357	539	-1.0
357	623	1.0
358	282	1.0
358	650	-1.0
359	247	-1.0
360	148	-1.0
360	652	1.0
360	661	1.0
360	761	1.0
360	827	1.0
360	876	1.0
361	556	1.0
361	743	1.0
361	858	-1.0
362	48	-1.0
362	160	-1.0
362	229	1.0
362	317	2.0
362	489	1.0
362	712	1.0
362	837	1.0
362	896	1.0
363	181	0.02
363	327	-0.02
363	568	0.02
364	121	-1.0
364	371	1.0
364	732	1.0
364	912	-1.0
365	608	1.0
365	610	-1.0
366	305	-0.02
366	327	0.02
366	568	-0.02
366	572	0.02
366	599	0.02
367	241	1.0
367	326	1.0
368	659	1.0
368	662	1.0
369	371	-1.0
370	652	-1.0
370	827	-1.0
371	253	-3.0
371	598	1.0
372	410	1.0
372	604	-1.0
373	641	-1.0
373	734	1.0
374	204	-1.0
374	897	1.0
375	282	-1.0
375	530	1.0
376	351	-1.0
376	587	-1.0
377	423	1.0
377	469	-1.0
378	379	1.0
378	380	1.0
378	382	1.0
378	387	1.0
378	569	-1.0
379	16	-1.0
379	535	1.0
380	20	-1.0
380	21	1.0
381	620	-2.0
382	217	1.0
382	275	1.0
382	866	-1.0
383	0	-1.0
383	25	-1.0
383	66	-1.0
383	88	-1.0
383	185	-1.0
383	187	-1.0
383	188	1.0
383	269	-1.0
383	313	-1.0
383	323	-1.0
383	368	-1.0
383	376	-1.0
383	390	1.0
383	439	-1.0
383	447	-1.0
383	490	-1.0
383	534	-1.0
383	724	-1.0
383	740	1.0
383	790	-1.0
383	809	-1.0
383	819	-1.0
383	820	-1.0
384	374	-1.0
384	596	1.0
385	470	-1.0
385	755	-1.0
386	109	1.0
386	410	-1.0
387	142	1.0
387	470	1.0
387	755	1.0
388	314	-1.0
388	637	1.0
389	184	-0.154
389	311	-1.0
389	893	1.0
390	234	1.0
390	794	-1.0
391	234	-1.0
391	236	1.0
392	28	1.0
392	89	-1.0
392	222	1.0
392	376	1.0
392	455	-1.0
392	586	1.0
392	593	-1.0
392	697	1.0
392	767	1.0
392	878	1.0
393	87	1.0
393	895	-1.0
394	181	1.0
394	532	-2.0
395	255	1.0
395	268	-1.0
395	563	-1.0
395	829	-1.0
395	888	1.0
396	222	-1.0
397	757	1.0
397	763	-1.0
398	487	-1.0
399	367	-1.0
399	844	-1.0
400	487	1.0
401	143	-1.0
401	199	1.0
401	367	1.0
401	681	1.0
401	815	-1.0
401	844	1.0
402	923	1.0
402	925	-2.0
403	58	-1.0
403	263	1.0
404	463	-1.0
405	47	-1.0
405	463	1.0
406	310	1.0
406	315	1.0
407	348	-1.0
408	167	-0.02
408	169	-0.02
408	170	-0.02
408	184	-4.64E-4
408	370	0.02
408	398	-0.04
408	402	-0.02
409	213	-1.0
409	506	-1.0
410	184	-0.09
410	213	1.0
410	506	1.0
410	791	1.0
411	145	-1.0
411	348	1.0
411	912	1.0
412	163	-1.0
412	719	1.0
413	465	1.0
413	637	-4.0
414	178	-2.0
414	184	-5.0E-5
414	207	1.0
414	258	-1.0
414	268	-1.0
414	287	9.0
414	288	8.0
414	289	7.0
414	328	1.0
414	407	-1.0
414	475	1.0
414	483	1.0
414	511	1.0
414	556	-1.0
414	615	-1.0
414	625	-1.0
414	630	-1.0
414	721	-1.0
414	746	-1.0
414	753	-1.0
414	802	-1.0
414	861	-1.0
414	863	-1.0
414	884	-1.0
414	909	-1.0
414	914	-1.0
415	877	-1.0
415	880	1.0
416	126	1.0
416	677	-1.0
417	163	1.0
417	217	-1.0
418	548	-1.0
418	803	1.0
419	677	1.0
419	923	-1.0
419	925	1.0
420	229	-1.0
420	249	1.0
420	317	-2.0
420	415	-1.0
420	423	-1.0
420	489	-1.0
420	712	-1.0
420	837	-1.0
420	896	-1.0
421	707	1.0
421	719	-1.0
422	707	-1.0
423	173	1.0
423	847	-1.0
424	928	-1.0
425	106	1.0
425	267	-1.0
426	672	-1.0
426	928	1.0
427	306	-1.0
427	490	1.0
427	616	1.0
428	128	1.0
428	388	1.0
428	397	1.0
428	448	-1.0
428	563	1.0
428	580	-1.0
428	581	1.0
428	745	1.0
429	564	-1.0
430	877	1.0
431	127	1.0
431	296	1.0
431	564	1.0
431	726	-1.0
432	24	-1.0
432	135	-1.0
432	184	-0.136
432	426	-1.0
432	544	1.0
432	758	-1.0
432	765	-1.0
432	806	-1.0
433	143	1.0
433	145	1.0
433	202	1.0
433	396	1.0
433	867	-1.0
434	396	-1.0
435	4	-1.0
435	98	1.0
435	142	1.0
435	144	1.0
435	147	1.0
435	149	1.0
435	150	1.0
435	254	1.0
435	411	-1.0
435	414	-1.0
435	416	-1.0
435	417	-1.0
435	599	-1.0
435	848	1.0
436	98	-1.0
436	254	-1.0
437	303	-1.0
437	415	1.0
438	129	-1.0
438	159	1.0
439	12	-1.0
439	242	1.0
439	508	-1.0
439	527	-1.0
439	699	1.0
440	184	-5.2E-5
440	333	0.02
440	769	-0.02
441	277	1.0
441	488	-1.0
442	9	-1.0
442	696	-1.0
443	790	-1.0
444	300	-1.0
444	476	-1.0
444	540	-1.0
444	547	-1.0
444	611	1.0
444	678	1.0
444	910	-1.0
445	547	1.0
445	678	-1.0
445	910	1.0
446	77	1.0
446	156	-1.0
447	60	-1.0
447	317	1.0
448	54	-1.0
448	162	0.5
448	164	0.5
448	171	0.5
448	399	0.5
448	400	0.5
448	402	0.5
449	695	1.0
450	562	-1.0
450	627	1.0
451	23	-1.0
451	95	1.0
451	149	1.0
451	184	-0.205
451	333	-1.0
451	413	-1.0
451	418	-1.0
451	467	1.0
451	559	1.0
451	580	-1.0
451	619	-1.0
451	721	-1.0
452	9	1.0
452	696	1.0
452	750	-1.0
453	627	-1.0
454	95	-1.0
454	559	-1.0
455	29	1.0
455	700	-1.0
456	795	-1.0
457	795	1.0
457	873	-1.0
458	257	1.0
458	361	-1.0
459	767	-1.0
459	790	1.0
460	75	-1.0
460	235	1.0
461	132	-1.0
461	532	2.0
461	544	-1.0
461	582	1.0
461	593	1.0
461	847	1.0
461	897	1.0
461	900	1.0
462	241	-1.0
462	244	-1.0
462	316	1.0
462	414	1.0
462	450	-1.0
462	518	-1.0
462	659	-1.0
462	666	1.0
462	792	1.0
462	793	1.0
463	184	-0.229
463	321	1.0
463	344	1.0
463	561	-1.0
463	583	1.0
463	585	1.0
464	0	1.0
465	321	-1.0
465	344	-1.0
466	459	-1.0
467	931	-1.0
468	2	1.0
468	459	1.0
468	830	-1.0
469	512	-1.0
470	534	-1.0
470	819	-1.0
471	468	-1.0
471	500	-1.0
471	748	1.0
471	871	1.0
471	874	-1.0
472	112	1.0
472	343	-1.0
472	392	-1.0
472	770	1.0
472	833	1.0
473	51	-1.0
473	162	0.36
473	164	0.36
473	171	0.36
473	288	-1.0
473	399	0.36
473	400	0.36
473	402	0.36
473	512	1.0
474	345	-1.0
474	384	1.0
474	871	-1.0
475	273	1.0
475	507	-1.0
476	767	1.0
476	779	-1.0
477	184	-0.0254
477	430	1.0
477	541	1.0
477	558	-1.0
477	920	-1.0
478	125	-1.0
478	641	1.0
479	7	1.0
479	29	-1.0
479	97	-1.0
479	125	-1.0
479	152	-1.0
479	190	-1.0
479	232	-1.0
479	255	-1.0
479	259	-1.0
479	261	1.0
479	284	1.0
479	359	-1.0
479	392	-1.0
479	513	-1.0
479	540	-1.0
479	575	1.0
479	579	-1.0
479	587	-1.0
479	688	1.0
479	692	-1.0
479	752	-1.0
479	856	1.0
479	869	1.0
479	904	1.0
479	918	1.0
480	343	1.0
480	770	-1.0
481	211	1.0
481	900	-1.0
482	869	-1.0
483	102	-1.0
483	107	-1.0
483	216	1.0
483	546	1.0
484	184	-0.05
484	581	-1.0
484	882	1.0
485	93	-4.0
485	221	-6.0
485	279	-7.0
485	438	-5.0
485	683	-6.0
485	743	-1.0
485	777	-5.0
485	858	-1.0
485	859	-1.0
485	861	-1.0
485	907	1.0
486	24	1.0
486	184	-0.003
486	443	-1.0
486	532	-2.0
486	593	-1.0
486	614	-1.0
486	758	1.0
486	927	-1.0
487	169	-0.02
487	171	-0.02
487	399	0.02
488	12	1.0
488	248	-1.0
489	174	-1.0
489	900	1.0
490	140	1.0
490	228	1.0
490	261	-1.0
491	180	-1.0
491	203	1.0
491	214	1.0
491	406	-1.0
491	531	2.0
491	887	1.0
492	647	-1.0
492	648	1.0
493	612	-1.0
494	105	1.0
494	549	-1.0
494	612	1.0
494	772	1.0
495	90	-1.0
495	139	1.0
495	312	-1.0
495	326	1.0
495	329	1.0
495	354	-1.0
495	380	-1.0
495	416	-1.0
495	420	-1.0
495	449	1.0
495	515	1.0
495	603	-1.0
495	662	1.0
495	665	-1.0
495	786	-1.0
495	824	-1.0
495	837	1.0
496	338	-1.0
497	310	-1.0
497	361	1.0
497	739	-1.0
498	399	-0.02
499	338	1.0
499	625	-1.0
500	71	1.0
500	342	-1.0
501	136	1.0
501	541	-1.0
501	818	1.0
502	237	1.0
502	482	-1.0
503	84	-1.0
503	184	-0.126
503	248	-1.0
503	305	-1.0
503	425	-1.0
503	543	1.0
503	624	-1.0
503	765	1.0
503	808	-1.0
504	471	-1.0
504	814	1.0
505	729	-1.0
505	818	-1.0
505	920	1.0
506	183	-1.0
506	445	1.0
506	457	-1.0
506	460	1.0
507	46	1.0
507	445	-1.0
507	797	1.0
507	798	1.0
508	458	1.0
508	741	-1.0
509	105	-1.0
509	595	-1.0
510	168	1.0
511	120	1.0
511	123	1.0
511	143	1.0
511	146	1.0
511	391	-1.0
511	876	1.0
512	55	-1.0
512	377	1.0
513	226	-1.0
513	359	1.0
513	481	-1.0
514	11	1.0
514	285	1.0
514	542	-1.0
515	182	1.0
515	184	-0.146
515	249	-1.0
515	261	1.0
515	581	1.0
516	182	-1.0
517	33	-1.0
517	733	-1.0
517	807	1.0
518	61	1.0
518	65	-2.0
518	225	1.0
518	459	1.0
518	559	1.0
518	773	1.0
518	780	-1.0
518	781	-1.0
519	61	-1.0
519	65	2.0
519	225	-1.0
519	459	-1.0
519	559	-1.0
519	773	-1.0
519	780	1.0
519	781	1.0
520	25	1.0
520	96	1.0
520	224	1.0
520	227	1.0
520	411	1.0
520	414	1.0
520	416	1.0
520	417	1.0
520	502	-1.0
520	569	-1.0
520	588	-1.0
520	794	1.0
521	184	-0.176
521	752	-1.0
521	760	1.0
522	34	-1.0
522	166	1.0
523	349	1.0
523	393	-1.0
524	185	1.0
524	251	-1.0
525	640	-1.0
525	715	1.0
526	760	-1.0
527	291	-1.0
527	292	-1.0
527	392	1.0
528	33	1.0
528	134	1.0
528	538	-1.0
529	162	-0.02
529	170	-0.02
529	400	0.02
530	630	-1.0
530	688	1.0
531	78	-1.0
531	427	1.0
531	679	1.0
532	115	-1.0
533	115	1.0
533	622	-1.0
534	406	1.0
534	887	-1.0
535	579	1.0
535	833	-1.0
536	184	-0.0247
536	428	1.0
536	537	1.0
536	810	-1.0
537	144	1.0
537	825	-1.0
538	72	-1.0
538	271	1.0
538	374	1.0
538	493	1.0
538	495	1.0
538	727	-1.0
538	905	-1.0
538	921	1.0
539	653	1.0
539	893	-1.0
540	37	1.0
540	737	-1.0
541	71	-1.0
541	774	1.0
542	19	-1.0
542	473	1.0
543	91	-1.0
543	192	1.0
543	193	-1.0
543	720	-1.0
543	757	-1.0
543	803	-1.0
544	679	-1.0
544	750	1.0
545	108	-1.0
546	525	-1.0
547	481	1.0
547	618	1.0
548	7	1.0
548	22	1.0
548	32	1.0
548	34	1.0
548	72	1.0
548	108	1.0
548	127	1.0
548	129	-1.0
548	199	1.0
548	202	1.0
548	233	1.0
548	280	-1.0
548	347	1.0
548	442	1.0
548	448	1.0
548	468	1.0
548	472	1.0
548	486	1.0
548	526	2.0
548	536	1.0
548	551	-1.0
548	561	1.0
548	583	-1.0
548	619	1.0
548	622	1.0
548	637	4.0
548	638	1.0
548	641	2.0
548	661	1.0
548	766	1.0
548	783	1.0
548	799	1.0
548	800	1.0
548	825	1.0
548	838	1.0
548	892	1.0
548	899	1.0
548	912	1.0
549	252	-1.0
549	409	1.0
550	334	1.0
551	263	-1.0
551	624	1.0
552	118	1.0
552	850	-1.0
553	490	-1.0
554	52	-1.0
554	346	1.0
555	331	1.0
555	408	-1.0
555	890	1.0
556	672	1.0
556	675	1.0
557	184	-1.29E-4
557	398	0.02
558	183	1.0
558	904	-1.0
559	436	-1.0
560	127	-1.0
560	345	1.0
560	874	1.0
561	530	-1.0
561	788	1.0
562	436	1.0
562	447	1.0
562	602	-1.0
562	725	1.0
563	56	-1.0
563	57	-1.0
563	67	-2.0
563	312	1.0
563	316	1.0
563	318	1.0
563	526	1.0
563	605	1.0
563	746	-1.0
564	34	1.0
564	126	-1.0
565	2	1.0
565	19	1.0
565	23	1.0
565	24	1.0
565	49	1.0
565	50	1.0
565	51	1.0
565	53	1.0
565	54	1.0
565	58	1.0
565	71	1.0
565	74	1.0
565	84	1.0
565	87	1.0
565	114	5.0
565	129	1.0
565	135	1.0
565	148	1.0
565	159	1.0
565	166	1.0
565	175	1.0
565	184	0.7302
565	206	1.0
565	207	1.0
565	223	1.0
565	248	1.0
565	249	1.0
565	252	1.0
565	266	-1.0
565	271	1.0
565	282	1.0
565	287	1.0
565	288	1.0
565	289	1.0
565	301	1.0
565	304	1.0
565	305	1.0
565	334	1.0
565	369	-1.0
565	421	1.0
565	429	1.0
565	478	1.0
565	493	1.0
565	500	1.0
565	527	1.0
565	548	1.0
565	553	8.0
565	583	1.0
565	585	1.0
565	596	1.0
565	598	1.0
565	608	1.0
565	624	1.0
565	626	1.0
565	640	1.0
565	643	1.0
565	651	1.0
565	653	1.0
565	687	1.0
565	689	1.0
565	717	1.0
565	719	1.0
565	726	1.0
565	758	1.0
565	771	1.0
565	805	1.0
565	806	1.0
565	807	1.0
565	808	1.0
565	810	1.0
565	811	1.0
565	843	1.0
565	867	1.0
565	920	1.0
565	921	1.0
566	497	-1.0
566	636	-1.0
566	913	1.0
567	27	1.0
567	30	1.0
567	42	1.0
567	44	1.0
567	49	-1.0
567	50	-1.0
567	51	-1.0
567	53	-1.0
567	54	-1.0
567	93	4.0
567	212	1.0
567	221	6.0
567	275	1.0
567	279	7.0
567	438	5.0
567	556	-1.0
567	599	2.0
567	664	1.0
567	683	6.0
567	777	5.0
567	858	1.0
567	859	1.0
567	907	-1.0
568	184	-0.054
568	413	1.0
568	418	1.0
568	472	-1.0
568	870	1.0
569	284	-1.0
569	883	1.0
570	298	1.0
570	497	1.0
570	499	-1.0
570	635	-1.0
570	636	1.0
570	913	-1.0
570	916	1.0
571	6	-1.0
571	280	1.0
571	339	1.0
571	476	-1.0
572	639	-1.0
573	298	-1.0
574	870	-1.0
575	532	-3.0
575	650	1.0
576	10	1.0
576	29	1.0
576	55	1.0
576	67	1.0
576	93	4.0
576	97	1.0
576	112	1.0
576	152	1.0
576	158	1.0
576	186	1.0
576	188	1.0
576	221	6.0
576	223	1.0
576	230	2.0
576	242	1.0
576	263	1.0
576	279	7.0
576	280	-1.0
576	300	1.0
576	303	-1.0
576	332	1.0
576	363	4.0
576	364	1.0
576	368	-1.0
576	372	1.0
576	385	1.0
576	423	1.0
576	438	5.0
576	448	1.0
576	508	1.0
576	509	1.0
576	511	1.0
576	526	1.0
576	527	1.0
576	536	2.0
576	565	-1.0
576	575	1.0
576	601	1.0
576	603	1.0
576	641	1.0
576	654	1.0
576	656	1.0
576	683	6.0
576	686	1.0
576	689	1.0
576	743	1.0
576	744	1.0
576	764	1.0
576	769	1.0
576	777	5.0
576	826	1.0
576	836	1.0
576	849	1.0
576	854	1.0
576	858	1.0
576	859	1.0
576	860	1.0
576	861	1.0
576	862	1.0
576	883	1.0
577	4	1.0
577	31	-1.0
577	172	1.0
577	181	-1.0
577	218	-1.0
577	333	1.0
577	532	3.0
577	550	1.0
577	572	1.0
577	624	1.0
577	684	1.0
577	735	-1.0
577	808	1.0
577	851	1.0
578	654	-1.0
579	46	-1.0
579	67	1.0
579	408	1.0
579	919	1.0
580	231	1.0
580	431	-1.0
581	3	1.0
581	271	-1.0
581	304	1.0
581	680	-1.0
582	2	1.0
582	19	1.0
582	49	1.0
582	50	1.0
582	51	1.0
582	53	1.0
582	54	1.0
582	62	-1.0
582	64	1.0
582	69	-1.0
582	70	-1.0
582	74	1.0
582	129	1.0
582	131	1.0
582	175	1.0
582	184	-0.001
582	206	1.0
582	207	1.0
582	253	6.0
582	271	1.0
582	287	1.0
582	288	1.0
582	289	1.0
582	390	1.0
582	453	1.0
582	527	1.0
582	560	-1.0
582	566	1.0
582	583	1.0
582	585	1.0
582	608	1.0
582	728	-1.0
582	748	1.0
582	811	1.0
582	846	1.0
582	866	1.0
583	181	-0.02
583	184	-0.001935
583	400	-0.02
583	769	0.02
584	125	1.0
584	682	-1.0
585	384	1.0
586	158	1.0
586	752	1.0
587	153	-1.0
588	86	1.0
588	923	-1.0
589	56	1.0
589	57	1.0
589	153	1.0
589	312	-1.0
589	316	-1.0
589	318	-1.0
589	574	1.0
589	642	1.0
590	531	-1.0
591	356	-1.0
591	462	1.0
591	889	-1.0
592	687	-1.0
593	615	1.0
593	618	-1.0
594	16	1.0
594	456	-1.0
595	103	1.0
595	465	-2.0
596	114	-5.0
596	553	-8.0
596	730	-1.0
596	771	-1.0
596	843	-1.0
596	889	1.0
597	435	1.0
597	596	-1.0
598	45	1.0
598	507	1.0
598	658	-1.0
599	366	-1.0
600	74	-1.0
600	76	1.0
601	688	-1.0
601	749	1.0
601	880	-1.0
602	14	1.0
602	32	-1.0
602	47	-1.0
602	116	-1.0
602	122	-0.5
602	152	-1.0
602	154	-0.5
602	209	-1.5
602	228	-1.0
602	230	-1.0
602	308	1.0
602	355	-0.5
602	387	-1.0
602	389	-0.5
602	442	-1.0
602	528	-1.0
602	620	1.0
602	705	-1.0
602	796	-1.0
602	873	-1.0
602	875	-0.5
602	894	-1.0
603	104	-1.0
603	547	-1.0
603	557	-1.0
604	308	-1.0
605	104	1.0
605	184	-0.035
605	300	1.0
605	464	1.0
605	469	-1.0
605	547	1.0
605	557	1.0
605	579	-1.0
606	7	-1.0
606	12	1.0
606	21	-1.0
606	52	1.0
606	56	1.0
606	63	1.0
606	72	1.0
606	76	1.0
606	80	1.0
606	89	-1.0
606	93	10.0
606	102	1.0
606	126	1.0
606	133	1.0
606	161	1.0
606	184	-1.3E-4
606	198	1.0
606	221	13.0
606	274	-1.0
606	279	15.0
606	281	1.0
606	292	-1.0
606	302	1.0
606	324	-1.0
606	397	1.0
606	404	1.0
606	411	-1.0
606	438	11.0
606	440	1.0
606	481	-1.0
606	482	1.0
606	492	-1.0
606	531	1.0
606	535	1.0
606	575	-1.0
606	669	1.0
606	673	-1.0
606	683	14.0
606	690	1.0
606	692	1.0
606	706	1.0
606	722	1.0
606	777	12.0
606	797	1.0
606	801	-3.0
606	839	1.0
606	854	-1.0
606	859	1.0
606	862	-1.0
606	868	-1.0
606	877	1.0
606	929	1.0
607	42	1.0
607	44	-1.0
608	355	1.0
608	712	-1.0
609	447	-1.0
610	10	1.0
610	259	1.0
611	246	1.0
611	252	1.0
611	424	-1.0
612	176	-1.0
612	700	1.0
613	415	1.0
614	667	1.0
614	873	1.0
614	894	-1.0
615	31	1.0
615	134	-1.0
615	532	2.0
615	543	-1.0
616	154	-1.0
616	186	1.0
617	437	1.0
617	918	-1.0
618	485	-1.0
619	503	-1.0
619	584	1.0
620	41	-1.0
621	223	-1.0
621	660	1.0
622	285	-1.0
622	630	1.0
623	2	-1.0
623	9	-1.0
623	11	-1.0
623	16	-1.0
623	19	-1.0
623	23	-1.0
623	26	-1.0
623	31	-1.0
623	33	-1.0
623	49	-1.0
623	50	-1.0
623	51	-1.0
623	53	-1.0
623	54	-1.0
623	58	-1.0
623	62	-1.0
623	64	-1.0
623	68	-1.0
623	74	-1.0
623	81	-1.0
623	83	-1.0
623	104	-1.0
623	110	-1.0
623	113	-1.0
623	119	-1.0
623	129	-1.0
623	131	-1.0
623	151	-1.0
623	159	-1.0
623	163	-1.0
623	174	-1.0
623	175	-1.0
623	180	-1.0
623	182	-1.0
623	184	-45.7318
623	188	-1.0
623	189	-1.0
623	197	-1.0
623	200	-1.0
623	203	-1.0
623	205	-1.0
623	207	-1.0
623	220	-1.0
623	231	-1.0
623	234	-1.0
623	237	-1.0
623	238	-1.0
623	246	-1.0
623	249	-1.0
623	254	-1.0
623	257	-1.0
623	260	-1.0
623	267	-1.0
623	269	1.0
623	271	-1.0
623	280	-1.0
623	282	-1.0
623	287	-1.0
623	288	-1.0
623	289	-1.0
623	298	-1.0
623	301	-1.0
623	302	-1.0
623	303	-1.0
623	310	-1.0
623	320	-1.0
623	322	-1.0
623	325	-1.0
623	327	-1.0
623	334	-1.0
623	339	-2.0
623	340	-1.0
623	344	-1.0
623	350	-1.0
623	358	-1.0
623	361	-1.0
623	362	-1.0
623	365	-1.0
623	378	-1.0
623	383	-1.0
623	386	-1.0
623	390	-1.0
623	393	-1.0
623	395	-1.0
623	405	-1.0
623	409	-1.0
623	424	-1.0
623	428	-1.0
623	432	-1.0
623	435	-1.0
623	445	-1.0
623	456	-1.0
623	457	-1.0
623	471	-1.0
623	474	-1.0
623	477	-1.0
623	495	-1.0
623	498	-1.0
623	500	-1.0
623	505	-1.0
623	506	-1.0
623	507	1.0
623	510	-1.0
623	519	-1.0
623	524	-1.0
623	525	-1.0
623	527	-1.0
623	537	-1.0
623	538	-1.0
623	539	-1.0
623	541	-1.0
623	542	-1.0
623	543	-1.0
623	544	-1.0
623	545	-1.0
623	549	-1.0
623	551	-1.0
623	562	-1.0
623	566	-1.0
623	570	-1.0
623	578	-1.0
623	582	-1.0
623	583	-1.0
623	584	-1.0
623	585	-1.0
623	597	1.0
623	598	-1.0
623	608	-1.0
623	618	-1.0
623	623	-1.0
623	626	-1.0
623	627	-1.0
623	640	-1.0
623	653	-1.0
623	658	-1.0
623	663	-1.0
623	670	-1.0
623	678	-1.0
623	679	-1.0
623	685	-1.0
623	687	-1.0
623	699	-1.0
623	707	-1.0
623	715	-1.0
623	716	-1.0
623	719	-1.0
623	726	-1.0
623	737	-1.0
623	754	1.0
623	755	-1.0
623	765	-1.0
623	775	-1.0
623	778	-1.0
623	788	-1.0
623	811	-1.0
623	813	-1.0
623	814	-1.0
623	815	-1.0
623	818	-1.0
623	830	-1.0
623	840	-1.0
623	846	-1.0
623	848	-1.0
623	864	-1.0
623	878	-1.0
623	881	-1.0
623	884	-1.0
623	885	-1.0
623	895	-1.0
623	902	-1.0
623	905	-1.0
623	911	-1.0
623	922	-1.0
623	924	-1.0
623	926	-1.0
623	930	-1.0
624	426	1.0
624	429	-1.0
624	539	1.0
624	783	1.0
625	54	1.0
625	279	1.0
625	599	-1.0
626	25	-1.0
626	196	1.0
626	485	1.0
626	607	1.0
627	43	-1.0
627	260	-1.0
628	5	1.0
628	353	-1.0
628	354	-1.0
628	452	1.0
628	694	1.0
629	43	1.0
629	184	-0.276
629	260	1.0
629	513	-1.0
630	200	-1.0
630	590	1.0
631	313	-1.0
631	853	1.0
632	265	1.0
632	847	-1.0
633	452	-1.0
634	85	-1.0
635	89	1.0
635	461	-1.0
636	152	-1.0
636	924	1.0
637	19	-1.0
637	77	1.0
637	97	-1.0
637	175	-1.0
637	178	1.0
637	184	-6.0E-6
637	197	-1.0
637	207	-1.0
637	258	1.0
637	268	1.0
637	273	1.0
637	275	-1.0
637	287	-9.0
637	288	-8.0
637	289	-7.0
637	328	-1.0
637	386	1.0
637	403	1.0
637	407	1.0
637	475	-1.0
637	483	-1.0
637	511	-1.0
637	556	1.0
637	615	1.0
637	630	1.0
637	645	-1.0
637	658	-1.0
637	660	1.0
637	721	1.0
637	734	1.0
637	744	1.0
637	746	1.0
637	802	1.0
637	845	1.0
637	861	1.0
637	863	1.0
637	907	1.0
637	909	1.0
637	914	1.0
638	320	-1.0
638	745	-1.0
638	895	1.0
639	909	1.0
640	924	-1.0
641	0	-1.0
641	220	-1.0
642	41	1.0
642	337	-1.0
642	782	-1.0
642	887	1.0
643	220	1.0
643	631	1.0
643	913	-1.0
643	915	-1.0
643	916	-1.0
643	917	-1.0
644	37	-1.0
644	762	1.0
644	911	1.0
645	51	1.0
645	599	-0.72
645	683	1.0
646	762	-1.0
646	911	-1.0
647	24	-1.0
647	28	-1.0
647	270	-1.0
647	311	1.0
647	496	1.0
647	497	1.0
647	499	1.0
647	651	-1.0
647	653	-1.0
647	758	-1.0
647	927	1.0
648	628	1.0
648	664	-1.0
649	365	-1.0
649	454	-1.0
650	94	1.0
650	362	-1.0
650	365	1.0
650	454	1.0
650	832	1.0
651	1	-1.0
651	3	-1.0
651	72	1.0
651	177	-1.0
651	681	-1.0
651	815	1.0
651	867	1.0
652	85	1.0
652	258	1.0
653	227	-1.0
653	267	1.0
654	698	-1.0
654	747	1.0
655	697	-1.0
656	229	-1.0
657	146	1.0
657	201	1.0
657	304	-1.0
657	711	1.0
657	800	1.0
658	253	1.0
659	7	1.0
659	12	-1.0
659	21	1.0
659	52	-1.0
659	56	-1.0
659	63	-1.0
659	72	-1.0
659	76	-1.0
659	80	-1.0
659	89	1.0
659	93	-10.0
659	102	-1.0
659	126	-1.0
659	133	-1.0
659	161	-1.0
659	184	-4.0E-4
659	198	-1.0
659	221	-13.0
659	274	1.0
659	279	-15.0
659	281	-1.0
659	292	1.0
659	397	-1.0
659	404	-1.0
659	411	1.0
659	438	-11.0
659	440	-1.0
659	481	1.0
659	482	-1.0
659	492	1.0
659	531	-1.0
659	535	-1.0
659	575	1.0
659	669	-1.0
659	673	1.0
659	683	-14.0
659	690	-1.0
659	692	-1.0
659	706	-1.0
659	722	-1.0
659	777	-12.0
659	797	-1.0
659	801	3.0
659	839	-1.0
659	854	1.0
659	859	-1.0
659	862	1.0
659	868	1.0
659	877	-1.0
659	929	-1.0
660	201	-1.0
660	711	-1.0
661	22	1.0
661	645	-1.0
661	764	-1.0
662	784	1.0
662	897	-1.0
663	245	1.0
663	412	1.0
663	413	-1.0
663	472	1.0
664	595	1.0
664	674	1.0
665	262	-1.0
666	16	-1.0
666	184	-0.488
666	190	-1.0
666	297	-1.0
666	474	1.0
666	516	-1.0
666	527	1.0
666	723	-1.0
666	744	-1.0
666	829	-1.0
666	842	1.0
666	879	1.0
667	262	1.0
667	621	-1.0
668	13	-1.0
668	116	1.0
669	23	1.0
669	253	-3.0
670	709	-1.0
671	9	1.0
671	11	1.0
671	16	1.0
671	26	1.0
671	31	1.0
671	33	1.0
671	62	2.0
671	64	1.0
671	68	1.0
671	69	1.0
671	70	1.0
671	81	1.0
671	83	1.0
671	104	1.0
671	110	1.0
671	113	1.0
671	119	1.0
671	137	-1.0
671	151	1.0
671	163	1.0
671	174	1.0
671	180	1.0
671	182	1.0
671	184	45.5608
671	188	1.0
671	189	1.0
671	197	1.0
671	200	1.0
671	203	1.0
671	205	1.0
671	220	1.0
671	231	1.0
671	234	1.0
671	237	1.0
671	238	1.0
671	246	1.0
671	254	1.0
671	257	1.0
671	260	1.0
671	267	1.0
671	269	-1.0
671	280	1.0
671	298	1.0
671	302	1.0
671	303	1.0
671	310	1.0
671	320	1.0
671	322	1.0
671	325	1.0
671	327	1.0
671	339	2.0
671	340	1.0
671	344	1.0
671	350	1.0
671	358	1.0
671	361	1.0
671	362	1.0
671	365	1.0
671	378	1.0
671	383	1.0
671	386	1.0
671	393	1.0
671	395	1.0
671	405	1.0
671	409	1.0
671	424	1.0
671	432	1.0
671	435	1.0
671	445	1.0
671	456	1.0
671	457	1.0
671	471	1.0
671	474	1.0
671	477	1.0
671	480	2.0
671	495	1.0
671	498	1.0
671	505	1.0
671	506	1.0
671	507	-1.0
671	510	1.0
671	519	1.0
671	524	1.0
671	525	1.0
671	532	3.0
671	537	1.0
671	538	1.0
671	539	1.0
671	541	1.0
671	542	1.0
671	543	1.0
671	544	1.0
671	545	1.0
671	549	1.0
671	551	1.0
671	562	1.0
671	570	1.0
671	578	1.0
671	582	1.0
671	584	1.0
671	597	-1.0
671	618	1.0
671	623	1.0
671	627	1.0
671	658	1.0
671	663	1.0
671	670	1.0
671	678	1.0
671	679	1.0
671	685	1.0
671	699	1.0
671	707	1.0
671	715	1.0
671	716	1.0
671	726	1.0
671	737	1.0
671	754	1.0
671	755	1.0
671	765	1.0
671	775	1.0
671	778	1.0
671	788	1.0
671	813	1.0
671	814	1.0
671	815	1.0
671	818	1.0
671	830	1.0
671	840	1.0
671	848	1.0
671	864	1.0
671	878	1.0
671	881	1.0
671	884	1.0
671	885	1.0
671	893	1.0
671	895	1.0
671	902	1.0
671	905	1.0
671	911	1.0
671	922	1.0
671	924	1.0
671	926	1.0
671	930	1.0
672	178	1.0
672	286	1.0
672	753	1.0
673	114	-1.0
673	478	-1.0
673	553	-1.0
673	843	1.0
674	297	1.0
674	709	1.0
674	723	1.0
674	814	-2.0
674	838	-1.0
674	891	-1.0
675	434	1.0
676	2	-1.0
676	332	1.0
677	142	-1.0
677	169	1.0
677	171	1.0
678	11	-1.0
678	205	1.0
678	360	1.0
678	731	-1.0
678	805	1.0
679	86	1.0
679	140	1.0
679	166	1.0
679	228	1.0
679	320	-1.0
679	364	-1.0
679	388	1.0
679	475	1.0
679	601	-1.0
679	603	-1.0
679	645	1.0
679	739	2.0
679	759	1.0
679	774	1.0
680	406	-1.0
680	502	1.0
681	17	-1.0
682	17	1.0
682	898	-1.0
683	184	-0.0276
683	204	1.0
684	759	-1.0
685	26	1.0
685	550	-1.0
686	10	-1.0
686	158	-1.0
686	193	1.0
687	200	1.0
687	508	1.0
687	528	-1.0
687	590	-1.0
688	359	-1.0
688	611	-1.0
689	209	-1.0
689	230	1.0
690	549	1.0
690	828	1.0
690	831	-1.0
691	563	1.0
691	669	-1.0
692	75	1.0
693	250	1.0
693	491	1.0
693	492	1.0
693	840	1.0
694	250	-1.0
694	840	-1.0
695	93	-1.0
695	221	-1.0
695	279	-1.0
695	438	-1.0
695	683	-1.0
695	777	-1.0
695	858	1.0
695	861	1.0
696	717	-1.0
696	720	1.0
697	55	1.0
697	412	-1.0
697	418	-1.0
698	474	-1.0
698	842	-1.0
699	377	-1.0
699	548	1.0
700	70	1.0
700	109	-1.0
700	136	-1.0
700	177	1.0
700	335	1.0
700	545	-1.0
700	567	2.0
700	684	1.0
700	719	1.0
700	905	1.0
701	245	-1.0
702	708	-1.0
702	802	-1.0
703	301	1.0
703	374	1.0
704	256	1.0
704	478	-1.0
705	268	1.0
705	647	1.0
706	241	-1.0
706	326	-1.0
707	119	-1.0
707	517	1.0
708	659	-1.0
708	662	-1.0
709	323	1.0
709	616	-1.0
709	670	1.0
710	443	1.0
711	587	1.0
711	845	1.0
712	383	1.0
712	724	-1.0
713	147	1.0
713	433	1.0
714	360	-1.0
714	429	1.0
714	623	-1.0
714	736	-1.0
714	926	1.0
715	30	-1.0
715	42	-1.0
715	172	1.0
716	609	-1.0
717	138	-1.0
717	139	-1.0
717	609	1.0
718	467	-1.0
718	904	1.0
719	385	1.0
719	464	-1.0
720	789	-1.0
720	801	-1.0
720	892	1.0
721	82	-1.0
721	195	-1.0
721	241	1.0
721	244	1.0
721	299	-1.0
721	326	1.0
721	329	1.0
721	384	-1.0
722	527	1.0
723	101	1.0
723	117	1.0
723	196	-1.0
723	251	1.0
723	347	1.0
723	455	1.0
723	477	-1.0
723	504	1.0
723	514	1.0
723	534	1.0
723	602	1.0
723	823	-1.0
724	427	-1.0
724	656	1.0
725	1	-1.0
725	3	-1.0
725	5	-1.0
725	7	-1.0
725	9	-1.0
725	13	-1.0
725	14	2.0
725	20	-1.0
725	32	-1.0
725	34	-1.0
725	35	-1.0
725	40	-1.0
725	48	-1.0
725	55	1.0
725	68	-1.0
725	71	-1.0
725	75	1.0
725	77	-1.0
725	81	-1.0
725	82	1.0
725	83	-1.0
725	87	-1.0
725	88	-1.0
725	93	5.0
725	94	-1.0
725	104	-1.0
725	105	1.0
725	107	-2.0
725	110	-1.0
725	113	-1.0
725	117	-1.0
725	124	-1.0
725	127	-1.0
725	130	1.0
725	132	1.0
725	133	1.0
725	134	1.0
725	136	1.0
725	137	1.0
725	138	1.0
725	139	1.0
725	140	-3.0
725	142	-1.0
725	144	-1.0
725	147	-1.0
725	149	-1.0
725	150	-1.0
725	156	1.0
725	158	1.0
725	160	-1.0
725	162	-1.0
725	164	-1.0
725	166	-3.0
725	171	-1.0
725	173	-1.0
725	176	1.0
725	182	-1.0
725	184	-45.5608
725	189	-1.0
725	199	-1.0
725	202	-1.0
725	209	3.0
725	211	-1.0
725	214	-1.0
725	218	-1.0
725	219	-1.0
725	220	-1.0
725	221	7.0
725	226	-1.0
725	228	-1.0
725	230	2.0
725	233	-1.0
725	238	-1.0
725	249	-1.0
725	254	-1.0
725	257	-1.0
725	260	-1.0
725	268	-1.0
725	270	-1.0
725	271	-1.0
725	277	-1.0
725	278	-1.0
725	279	8.0
725	286	-1.0
725	287	-8.0
725	288	-7.0
725	289	-6.0
725	291	-1.0
725	292	-1.0
725	294	-1.0
725	298	-1.0
725	301	-1.0
725	306	-1.0
725	313	-1.0
725	314	1.0
725	319	-1.0
725	324	-1.0
725	331	1.0
725	339	-1.0
725	342	-1.0
725	344	-1.0
725	345	-1.0
725	346	1.0
725	347	-1.0
725	349	-1.0
725	351	-1.0
725	356	1.0
725	358	-1.0
725	365	-1.0
725	368	-1.0
725	369	-1.0
725	370	-1.0
725	372	-1.0
725	378	-1.0
725	388	-1.0
725	389	1.0
725	390	-1.0
725	394	-1.0
725	399	-1.0
725	400	-1.0
725	402	-1.0
725	405	-1.0
725	410	1.0
725	413	1.0
725	418	1.0
725	419	1.0
725	421	-1.0
725	425	1.0
725	426	1.0
725	428	1.0
725	429	-1.0
725	430	1.0
725	432	-1.0
725	433	-1.0
725	438	6.0
725	441	-1.0
725	442	-1.0
725	443	-1.0
725	449	1.0
725	450	1.0
725	461	-1.0
725	462	1.0
725	464	-1.0
725	465	2.0
725	467	-1.0
725	468	-1.0
725	472	-1.0
725	473	-1.0
725	474	-1.0
725	478	-1.0
725	480	-1.0
725	491	-1.0
725	492	-1.0
725	498	-1.0
725	505	-1.0
725	506	-1.0
725	508	2.0
725	517	-1.0
725	519	-1.0
725	526	-1.0
725	527	1.0
725	530	-1.0
725	533	1.0
725	546	1.0
725	554	-1.0
725	555	-1.0
725	558	-1.0
725	560	-1.0
725	561	-1.0
725	563	-1.0
725	565	-1.0
725	566	-1.0
725	567	-1.0
725	568	-1.0
725	569	2.0
725	572	-1.0
725	573	1.0
725	574	-1.0
725	578	-1.0
725	580	1.0
725	585	-1.0
725	586	-1.0
725	590	-1.0
725	592	-1.0
725	597	1.0
725	611	-1.0
725	613	-1.0
725	621	1.0
725	627	-1.0
725	628	-1.0
725	629	-1.0
725	631	-1.0
725	632	-1.0
725	633	-1.0
725	635	-1.0
725	636	-1.0
725	637	-1.0
725	638	-1.0
725	641	-2.0
725	642	-1.0
725	647	-1.0
725	648	1.0
725	657	-1.0
725	659	1.0
725	661	-1.0
725	662	1.0
725	663	-1.0
725	677	-1.0
725	678	-1.0
725	680	-1.0
725	681	-1.0
725	682	-1.0
725	683	7.0
725	687	-1.0
725	694	-1.0
725	695	-1.0
725	697	-1.0
725	701	-1.0
725	702	-1.0
725	707	-1.0
725	716	-1.0
725	719	-1.0
725	726	-1.0
725	727	-1.0
725	728	-1.0
725	729	-1.0
725	731	-1.0
725	732	-1.0
725	733	-1.0
725	735	-1.0
725	736	-1.0
725	738	-1.0
725	739	-1.0
725	740	1.0
725	746	-1.0
725	747	-1.0
725	748	-1.0
725	749	1.0
725	754	-1.0
725	755	-1.0
725	756	-1.0
725	765	-1.0
725	766	2.0
725	767	-1.0
725	772	1.0
725	774	-1.0
725	775	-1.0
725	777	6.0
725	778	-1.0
725	783	-1.0
725	791	-1.0
725	796	1.0
725	799	-1.0
725	800	-1.0
725	801	-3.0
725	805	-1.0
725	806	-1.0
725	807	-1.0
725	808	-1.0
725	810	-1.0
725	811	-1.0
725	813	-1.0
725	828	1.0
725	832	-1.0
725	833	-1.0
725	838	-1.0
725	840	-1.0
725	845	-1.0
725	850	1.0
725	857	-1.0
725	863	-1.0
725	866	-1.0
725	873	1.0
725	874	-1.0
725	875	1.0
725	881	-1.0
725	885	-1.0
725	886	1.0
725	887	-1.0
725	888	1.0
725	889	1.0
725	890	1.0
725	892	-1.0
725	899	-1.0
725	901	2.0
725	902	-1.0
725	911	-1.0
725	912	-1.0
725	920	-1.0
725	921	-1.0
725	922	-1.0
725	923	2.0
725	924	-1.0
726	230	-1.0
726	363	1.0
727	124	-1.0
727	340	1.0
727	442	1.0
727	516	-1.0
727	528	1.0
727	891	-1.0
728	154	1.0
728	489	-1.0
729	184	-0.428
729	284	1.0
729	432	1.0
729	606	1.0
730	432	-1.0
730	606	-1.0
731	296	-1.0
732	14	-2.0
732	32	1.0
732	387	1.0
732	442	1.0
732	528	1.0
732	620	1.0
733	439	1.0
733	586	-1.0
733	592	-1.0
733	593	1.0
734	226	1.0
734	482	1.0
734	540	1.0
734	546	-1.0
735	498	-1.0
736	496	1.0
736	498	1.0
736	632	-1.0
736	633	1.0
736	915	-1.0
736	917	1.0
737	265	-1.0
737	657	1.0
737	784	-1.0
738	179	-1.0
739	244	-1.0
739	329	-1.0
740	179	1.0
740	233	-1.0
740	733	1.0
741	42	-1.0
741	93	1.0
741	859	-1.0
742	449	-1.0
742	450	-1.0
743	48	1.0
743	235	-1.0
744	294	-1.0
744	693	1.0
745	209	1.0
745	256	-1.0
746	132	1.0
746	134	1.0
746	136	1.0
746	137	1.0
746	217	1.0
746	425	1.0
746	426	1.0
746	428	1.0
746	430	1.0
746	706	-1.0
747	693	-1.0
748	110	-1.0
749	257	-1.0
749	320	1.0
749	745	1.0
750	30	-1.0
750	53	1.0
750	221	1.0
750	599	-0.14
751	110	1.0
751	631	-1.0
751	632	1.0
751	917	-1.0
752	351	1.0
752	521	-1.0
753	519	-1.0
754	437	-1.0
754	441	1.0
755	2	1.0
755	3	1.0
755	4	1.0
755	5	2.0
755	6	1.0
755	7	1.0
755	8	1.0
755	9	1.0
755	12	-1.0
755	13	2.0
755	16	1.0
755	18	1.0
755	21	1.0
755	23	-1.0
755	24	-1.0
755	26	1.0
755	29	-1.0
755	34	-1.0
755	36	1.0
755	38	1.0
755	39	1.0
755	40	2.0
755	41	1.0
755	43	1.0
755	46	-1.0
755	47	-1.0
755	52	-1.0
755	55	-1.0
755	56	-1.0
755	57	-1.0
755	58	-1.0
755	59	1.0
755	60	1.0
755	63	-1.0
755	64	1.0
755	65	3.0
755	67	-1.0
755	68	1.0
755	71	1.0
755	72	-2.0
755	73	1.0
755	76	-1.0
755	77	1.0
755	79	-1.0
755	80	-1.0
755	81	1.0
755	83	1.0
755	85	1.0
755	86	1.0
755	89	1.0
755	93	-14.0
755	95	1.0
755	102	-2.0
755	104	1.0
755	107	1.0
755	109	-1.0
755	110	1.0
755	111	-1.0
755	112	-1.0
755	113	1.0
755	115	1.0
755	119	1.0
755	126	-1.0
755	129	1.0
755	130	-1.0
755	131	1.0
755	133	-1.0
755	135	-1.0
755	138	-2.0
755	139	-2.0
755	140	6.0
755	142	1.0
755	144	1.0
755	147	1.0
755	149	1.0
755	150	1.0
755	151	1.0
755	152	1.0
755	153	1.0
755	155	1.0
755	158	-1.0
755	159	-1.0
755	161	-1.0
755	162	1.0
755	163	1.0
755	164	1.0
755	165	-1.0
755	166	2.0
755	171	1.0
755	172	1.0
755	173	3.0
755	174	1.0
755	177	2.0
755	179	1.0
755	180	1.0
755	181	-1.0
755	182	1.0
755	183	1.0
755	184	45.56035
755	186	-1.0
755	189	1.0
755	191	1.0
755	198	-1.0
755	199	-1.0
755	200	1.0
755	201	1.0
755	202	-1.0
755	203	1.0
755	204	1.0
755	205	1.0
755	208	1.0
755	211	2.0
755	213	1.0
755	215	1.0
755	216	1.0
755	217	2.0
755	219	1.0
755	220	1.0
755	221	-19.0
755	223	1.0
755	228	2.0
755	230	-2.0
755	231	1.0
755	233	-1.0
755	234	1.0
755	238	1.0
755	239	1.0
755	240	1.0
755	242	-1.0
755	243	1.0
755	245	1.0
755	246	1.0
755	247	1.0
755	248	-1.0
755	250	1.0
755	251	1.0
755	252	-1.0
755	253	6.0
755	254	1.0
755	256	2.0
755	257	1.0
755	258	-2.0
755	260	1.0
755	262	1.0
755	263	-1.0
755	267	1.0
755	268	1.0
755	269	-1.0
755	271	2.0
755	274	1.0
755	275	1.0
755	276	1.0
755	279	-22.0
755	280	2.0
755	281	-1.0
755	282	-1.0
755	283	1.0
755	285	1.0
755	286	1.0
755	287	8.0
755	288	7.0
755	289	6.0
755	291	2.0
755	292	2.0
755	293	1.0
755	294	1.0
755	296	1.0
755	298	1.0
755	300	-1.0
755	302	1.0
755	303	3.0
755	305	-1.0
755	307	1.0
755	309	1.0
755	310	1.0
755	317	1.0
755	320	1.0
755	321	1.0
755	322	1.0
755	325	1.0
755	327	1.0
755	328	1.0
755	330	1.0
755	332	-1.0
755	333	1.0
755	335	1.0
755	337	1.0
755	338	1.0
755	339	2.0
755	340	1.0
755	344	1.0
755	345	1.0
755	348	1.0
755	350	1.0
755	352	1.0
755	356	-1.0
755	357	1.0
755	358	1.0
755	361	2.0
755	362	1.0
755	363	-4.0
755	364	-1.0
755	365	1.0
755	366	-1.0
755	367	1.0
755	368	1.0
755	369	1.0
755	371	1.0
755	373	3.0
755	374	1.0
755	375	2.0
755	378	1.0
755	381	1.0
755	383	1.0
755	385	-1.0
755	386	1.0
755	388	1.0
755	389	-2.0
755	390	2.0
755	393	1.0
755	397	-1.0
755	399	1.0
755	400	1.0
755	401	1.0
755	402	1.0
755	404	-1.0
755	405	1.0
755	411	1.0
755	421	1.0
755	423	-1.0
755	429	1.0
755	432	1.0
755	434	1.0
755	435	1.0
755	437	1.0
755	438	-16.0
755	440	-1.0
755	441	2.0
755	443	3.0
755	444	1.0
755	445	1.0
755	449	-1.0
755	450	-1.0
755	451	1.0
755	452	1.0
755	454	1.0
755	456	1.0
755	461	1.0
755	462	-1.0
755	463	1.0
755	465	1.0
755	469	1.0
755	470	1.0
755	471	1.0
755	473	2.0
755	474	1.0
755	476	1.0
755	477	1.0
755	479	1.0
755	480	2.0
755	481	1.0
755	482	-1.0
755	484	1.0
755	489	1.0
755	491	2.0
755	492	2.0
755	494	1.0
755	495	1.0
755	498	1.0
755	500	-1.0
755	501	1.0
755	505	1.0
755	506	1.0
755	508	1.0
755	509	-1.0
755	510	1.0
755	512	1.0
755	514	1.0
755	519	1.0
755	520	-1.0
755	522	2.0
755	523	3.0
755	525	1.0
755	526	-2.0
755	527	1.0
755	531	-1.0
755	532	10.0
755	535	-1.0
755	536	-3.0
755	546	1.0
755	549	1.0
755	551	1.0
755	557	1.0
755	562	1.0
755	565	1.0
755	567	2.0
755	569	1.0
755	570	1.0
755	571	1.0
755	572	2.0
755	574	2.0
755	576	1.0
755	577	1.0
755	578	1.0
755	583	1.0
755	584	1.0
755	585	1.0
755	589	2.0
755	591	3.0
755	593	1.0
755	594	1.0
755	595	1.0
755	596	-1.0
755	597	3.0
755	601	-3.0
755	603	-3.0
755	606	1.0
755	607	1.0
755	608	1.0
755	612	1.0
755	615	1.0
755	617	1.0
755	620	-2.0
755	624	1.0
755	627	1.0
755	630	1.0
755	634	1.0
755	640	-1.0
755	641	-2.0
755	643	1.0
755	644	-1.0
755	646	1.0
755	651	-1.0
755	652	1.0
755	653	-1.0
755	655	1.0
755	656	-1.0
755	657	1.0
755	661	-1.0
755	663	1.0
755	664	1.0
755	665	-2.0
755	666	-2.0
755	667	1.0
755	668	1.0
755	669	-1.0
755	670	1.0
755	671	-2.0
755	673	1.0
755	675	1.0
755	676	1.0
755	678	1.0
755	679	1.0
755	682	2.0
755	683	-20.0
755	684	1.0
755	686	-1.0
755	689	-2.0
755	690	-1.0
755	691	-1.0
755	692	-1.0
755	693	1.0
755	694	2.0
755	696	1.0
755	699	1.0
755	701	2.0
755	705	-1.0
755	706	-1.0
755	707	1.0
755	709	1.0
755	710	1.0
755	712	1.0
755	714	1.0
755	715	1.0
755	716	1.0
755	734	1.0
755	737	1.0
755	739	4.0
755	742	1.0
755	743	-1.0
755	744	-1.0
755	745	1.0
755	746	1.0
755	748	2.0
755	751	1.0
755	754	2.0
755	755	1.0
755	758	-1.0
755	760	1.0
755	762	1.0
755	763	1.0
755	764	-1.0
755	765	2.0
755	766	-5.0
755	769	-1.0
755	770	1.0
755	775	1.0
755	777	-17.0
755	778	1.0
755	780	2.0
755	781	1.0
755	783	-1.0
755	785	-4.5
755	786	-3.0
755	787	-1.0
755	788	1.0
755	789	1.0
755	791	3.0
755	792	-3.8
755	793	-1.0
755	795	1.0
755	796	-1.0
755	797	-1.0
755	798	-1.0
755	799	-1.0
755	800	-1.0
755	801	5.0
755	802	1.0
755	803	1.0
755	804	1.0
755	805	1.0
755	806	1.0
755	807	1.0
755	808	1.0
755	810	1.0
755	811	1.0
755	812	1.0
755	813	1.0
755	814	1.0
755	815	1.0
755	817	1.0
755	821	1.0
755	822	1.0
755	824	-1.0
755	826	-1.0
755	827	1.0
755	830	1.0
755	833	2.0
755	834	3.0
755	835	2.0
755	836	-1.0
755	837	1.0
755	839	-1.0
755	840	1.0
755	841	1.0
755	842	1.0
755	844	1.0
755	846	1.0
755	847	1.0
755	848	1.0
755	849	-1.0
755	851	1.0
755	852	1.0
755	855	3.0
755	858	-1.0
755	859	-2.0
755	861	-1.0
755	863	1.0
755	864	1.0
755	865	1.0
755	868	2.0
755	869	1.0
755	870	1.0
755	873	-1.0
755	874	1.0
755	875	-2.5
755	877	-1.0
755	878	1.0
755	879	2.0
755	881	1.0
755	882	-1.0
755	883	-1.0
755	884	1.0
755	885	1.0
755	887	1.0
755	889	-1.0
755	893	1.0
755	895	1.0
755	896	1.0
755	897	1.0
755	898	-1.0
755	900	1.0
755	901	1.0
755	902	1.0
755	908	1.0
755	909	1.0
755	911	1.0
755	912	-1.0
755	914	1.0
755	920	1.0
755	921	1.0
755	922	1.0
755	924	1.0
755	926	1.0
755	928	1.0
755	929	-1.0
755	931	1.0
756	8	-1.0
756	18	-1.0
756	38	-1.0
756	41	-1.0
756	43	-1.0
756	59	-1.0
756	65	-3.0
756	73	-1.0
756	85	-1.0
756	95	-1.0
756	111	1.0
756	115	-1.0
756	138	2.0
756	139	2.0
756	153	-1.0
756	155	-1.0
756	179	-1.0
756	191	-1.0
756	195	1.0
756	201	-1.0
756	208	-1.0
756	213	-1.0
756	215	-1.0
756	239	-1.0
756	240	-1.0
756	243	-1.0
756	244	-1.0
756	245	-1.0
756	247	-1.0
756	250	-1.0
756	262	-1.0
756	276	-1.0
756	283	-1.0
756	309	-1.0
756	321	-1.0
756	329	-1.0
756	330	-1.0
756	338	-1.0
756	348	-1.0
756	352	-1.0
756	367	-1.0
756	371	-1.0
756	373	-3.0
756	375	-2.0
756	381	-1.0
756	384	2.0
756	389	2.0
756	444	-1.0
756	451	-1.0
756	452	-1.0
756	454	-1.0
756	463	-1.0
756	470	-1.0
756	479	-1.0
756	484	-1.0
756	501	-1.0
756	512	-1.0
756	522	-2.0
756	523	-3.0
756	557	-1.0
756	571	-1.0
756	576	-1.0
756	577	-1.0
756	589	-2.0
756	591	-3.0
756	594	-1.0
756	597	-4.0
756	601	2.0
756	603	2.0
756	606	-1.0
756	612	-1.0
756	617	-1.0
756	646	-1.0
756	652	-1.0
756	655	-1.0
756	665	2.0
756	666	2.0
756	668	-1.0
756	671	2.0
756	676	-1.0
756	693	-1.0
756	696	-1.0
756	709	-1.0
756	710	-1.0
756	714	-1.0
756	742	-1.0
756	751	-1.0
756	760	-1.0
756	762	-1.0
756	770	-1.0
756	780	-2.0
756	781	-1.0
756	785	3.5
756	786	2.0
756	792	2.8
756	795	-1.0
756	804	-1.0
756	812	-1.0
756	817	-1.0
756	821	-1.0
756	822	-1.0
756	827	-1.0
756	834	-3.0
756	835	-2.0
756	841	-1.0
756	842	-1.0
756	844	-1.0
756	852	-1.0
756	868	-2.0
756	869	-1.0
756	870	-1.0
756	875	2.5
756	908	-1.0
756	928	-1.0
757	697	1.0
758	52	1.0
758	383	-1.0
759	210	1.0
759	533	-1.0
759	639	1.0
760	350	-1.0
760	519	1.0
760	521	1.0
760	849	-1.0
